7 2
0 0                  -89    1.812246191300625                    6
0 1                 -103  0.04491553101947576                  215
1 0                  -90    1.582682354911556                    7
1 1                  -99    0.137503523749935                   70
2 0                  -91    1.582682354911556                    7
2 1                  -97   0.2624647071408777                   37
3 0                  -95   0.8434438252036525                   12
3 1                  -95   0.7057190507735135                   14
4 0                  -98   0.3232993226938424                   30
4 1                  -99   0.2624647071408777                   37
5 0                 -112  0.01435529297707005                  670
5 1                 -101   0.2122447432603954                   46
6 0                 -117 0.004555003994398939                 2111
6 1                 -101   0.2122447432603954                   46
